#Time (us) ; Current (mA) ; Voltage (V) ; PC ; IRQ 
577387000 ; 0.000951975 ; 3.29132 ; 0 ; 0
577623000 ; 0.000791758 ; 3.29094 ; 0 ; 0
577969000 ; 0.0829146 ; 3.29056 ; 0 ; 0
578234000 ; 0.00111601 ; 3.29163 ; 0 ; 0
578431000 ; 0.0015547 ; 3.29117 ; 0 ; 0
578816000 ; 0.0019705 ; 3.293 ; 0 ; 0
578969000 ; 0.001425 ; 3.29178 ; 0 ; 0
579233000 ; 0.00126097 ; 3.29109 ; 0 ; 0
579450000 ; 0.00147077 ; 3.29109 ; 0 ; 0
579624000 ; 0.00153181 ; 3.29117 ; 0 ; 0
579985000 ; 0.0853178 ; 3.29033 ; 0 ; 0
580138000 ; 0.0772459 ; 3.29216 ; 0 ; 0
580437000 ; 0.0769102 ; 3.29025 ; 0 ; 0
580609000 ; 0.0853178 ; 3.29193 ; 0 ; 0
580852000 ; 0.00156614 ; 3.29086 ; 0 ; 0
581001000 ; 0.0780737 ; 3.29033 ; 0 ; 0
581138000 ; 0.000925272 ; 3.29109 ; 0 ; 0
581405000 ; 0.000974863 ; 3.29117 ; 0 ; 0
581944000 ; 0.00107023 ; 3.29109 ; 0 ; 0
582084000 ; 0.00236723 ; 3.29323 ; 0 ; 0
582228000 ; 0.000814646 ; 3.293 ; 0 ; 0
582458000 ; 0.0802519 ; 3.29277 ; 0 ; 0
582604000 ; 0.0796301 ; 3.29002 ; 0 ; 0
582742000 ; 0.00123045 ; 3.29117 ; 0 ; 0
582883000 ; 0.00147459 ; 3.29132 ; 0 ; 0
583022000 ; 0.080126 ; 3.29094 ; 0 ; 0
583166000 ; 0.0808241 ; 3.29025 ; 0 ; 0
583305000 ; 0.000463694 ; 3.29094 ; 0 ; 0
583443000 ; 0.000543802 ; 3.29109 ; 0 ; 0
583581000 ; 0.0822241 ; 3.2901 ; 0 ; 0
583724000 ; 0.0767195 ; 3.29033 ; 0 ; 0
583864000 ; 0.000910013 ; 3.29109 ; 0 ; 0
584014000 ; 0.00216123 ; 3.29269 ; 0 ; 0
584155000 ; 0.000986307 ; 3.29132 ; 0 ; 0
584301000 ; 0.0761397 ; 3.29239 ; 0 ; 0
584446000 ; 0.0800345 ; 3.29048 ; 0 ; 0
584589000 ; 0.0018141 ; 3.29109 ; 0 ; 0
584838000 ; 0.0759299 ; 3.29231 ; 0 ; 0
585123000 ; 0.00165388 ; 3.29102 ; 0 ; 0
585324000 ; 0.00100538 ; 3.29361 ; 0 ; 0
585466000 ; 0.00132582 ; 3.29117 ; 0 ; 0
585611000 ; 0.0816977 ; 3.2917 ; 0 ; 0
585768000 ; 0.0739042 ; 3.29018 ; 0 ; 0
585919000 ; 0.00136015 ; 3.29262 ; 0 ; 0
586067000 ; 0.00214216 ; 3.29315 ; 0 ; 0
586211000 ; 0.0788901 ; 3.28987 ; 0 ; 0
586347000 ; 0.075907 ; 3.29025 ; 0 ; 0
586618000 ; 0.0863783 ; 3.29025 ; 0 ; 0
586855000 ; 0.000833719 ; 3.29102 ; 0 ; 0
586996000 ; 0.00166914 ; 3.29109 ; 0 ; 0
587219000 ; 0.0834639 ; 3.29262 ; 0 ; 0
587455000 ; 0.00110838 ; 3.29094 ; 0 ; 0
588019000 ; 0.00143644 ; 3.29117 ; 0 ; 0
588157000 ; 0.00270674 ; 3.29178 ; 0 ; 0
588444000 ; 0.00208113 ; 3.29109 ; 0 ; 0
589206000 ; 4.82278 ; 3.29163 ; 0 ; 0
589402000 ; 4.78261 ; 3.29094 ; 0 ; 0
589606000 ; 4.79235 ; 3.29102 ; 0 ; 0
590369000 ; 4.75339 ; 3.29086 ; 0 ; 0
590837000 ; 0.249518 ; 3.29086 ; 0 ; 0
590981000 ; 0.00057432 ; 3.29117 ; 0 ; 0
591223000 ; 0.00131437 ; 3.29102 ; 0 ; 0
591364000 ; 0.0017111 ; 3.29086 ; 0 ; 0
591639000 ; 0.00142881 ; 3.29102 ; 0 ; 0
592043000 ; 0.0790579 ; 3.29048 ; 0 ; 0
592207000 ; 0.00108549 ; 3.29086 ; 0 ; 0
592450000 ; 0.00100157 ; 3.2914 ; 0 ; 0
592627000 ; 0.000875681 ; 3.29079 ; 0 ; 0
592833000 ; 0.00118086 ; 3.29163 ; 0 ; 0
593179000 ; 0.00112745 ; 3.29308 ; 0 ; 0
593324000 ; 0.0750677 ; 3.29041 ; 0 ; 0
593472000 ; 0.00116178 ; 3.2914 ; 0 ; 0
593619000 ; 0.0017378 ; 3.29102 ; 0 ; 0
593759000 ; 0.0819037 ; 3.29025 ; 0 ; 0
594036000 ; 0.00169203 ; 3.29109 ; 0 ; 0
594198000 ; 0.0766241 ; 3.29033 ; 0 ; 0
594338000 ; 0.0806791 ; 3.29033 ; 0 ; 0
594481000 ; 0.00116178 ; 3.29094 ; 0 ; 0
595094000 ; 0.0838225 ; 3.29109 ; 0 ; 0
595242000 ; 0.0797064 ; 3.29208 ; 0 ; 0
595434000 ; 0.00109693 ; 3.29094 ; 0 ; 0
595605000 ; 0.00069639 ; 3.29086 ; 0 ; 0
596198000 ; 0.0862906 ; 3.29025 ; 0 ; 0
596341000 ; 0.000368326 ; 3.29124 ; 0 ; 0
596488000 ; 0.000841349 ; 3.29102 ; 0 ; 0
596633000 ; 0.000543802 ; 3.29124 ; 0 ; 0
596848000 ; 0.00103208 ; 3.29208 ; 0 ; 0
597015000 ; 0.0774634 ; 3.29056 ; 0 ; 0
597153000 ; 0.00158521 ; 3.29292 ; 0 ; 0
597310000 ; 0.00187895 ; 3.29399 ; 0 ; 0
597450000 ; 0.0740263 ; 3.29063 ; 0 ; 0
597596000 ; 0.0810454 ; 3.28995 ; 0 ; 0
597745000 ; 0.000871866 ; 3.29269 ; 0 ; 0
598067000 ; 0.0811255 ; 3.29018 ; 0 ; 0
598209000 ; 0.0826819 ; 3.29033 ; 0 ; 0
598452000 ; 0.0825827 ; 3.29178 ; 0 ; 0
598624000 ; 0.075804 ; 3.29041 ; 0 ; 0
598856000 ; 0.0796721 ; 3.29025 ; 0 ; 0
599201000 ; 0.00124571 ; 3.29147 ; 0 ; 0
599463000 ; 0.0797445 ; 3.29025 ; 0 ; 0
599615000 ; 0.00111219 ; 3.29079 ; 0 ; 0
600058000 ; 0.0805227 ; 3.29041 ; 0 ; 0
600207000 ; 0.00159666 ; 3.29124 ; 0 ; 0
600347000 ; 0.00176832 ; 3.2933 ; 0 ; 0
601246000 ; 0.00120374 ; 3.29117 ; 0 ; 0
601383000 ; 0.00136396 ; 3.29109 ; 0 ; 0
601519000 ; 0.0756361 ; 3.29338 ; 0 ; 0
602460000 ; 0.00107786 ; 3.29117 ; 0 ; 0
602863000 ; 0.00146314 ; 3.29124 ; 0 ; 0
603009000 ; 0.0821974 ; 3.2917 ; 0 ; 0
603144000 ; 0.0798056 ; 3.29025 ; 0 ; 0
603288000 ; 0.00170728 ; 3.2917 ; 0 ; 0
603458000 ; 0.0826475 ; 3.29033 ; 0 ; 0
603639000 ; 4.85809 ; 3.29224 ; 0 ; 0
604062000 ; 4.67547 ; 3.29048 ; 0 ; 0
604207000 ; 4.69252 ; 3.29094 ; 0 ; 0
604419000 ; 4.73026 ; 3.29086 ; 0 ; 0
604584000 ; 4.7753 ; 3.29117 ; 0 ; 0
604863000 ; 4.69739 ; 3.29079 ; 0 ; 0
605111000 ; 4.70469 ; 3.29094 ; 0 ; 0
605246000 ; 4.77287 ; 3.29109 ; 0 ; 0
605391000 ; 0.00103208 ; 3.29109 ; 0 ; 0
605585000 ; 0.001322 ; 3.29124 ; 0 ; 0
606038000 ; 0.00192854 ; 3.29117 ; 0 ; 0
606199000 ; 0.00118086 ; 3.29262 ; 0 ; 0
606427000 ; 0.00172636 ; 3.29079 ; 0 ; 0
606690000 ; 0.00153944 ; 3.29124 ; 0 ; 0
607021000 ; 0.00132582 ; 3.29102 ; 0 ; 0
607205000 ; 0.00103971 ; 3.29117 ; 0 ; 0
607460000 ; 0.00139829 ; 3.29132 ; 0 ; 0
607604000 ; 0.00161573 ; 3.29102 ; 0 ; 0
607743000 ; 0.00192472 ; 3.29094 ; 0 ; 0
607880000 ; 0.00157759 ; 3.29094 ; 0 ; 0
608197000 ; 0.00130293 ; 3.2914 ; 0 ; 0
608336000 ; 0.00121519 ; 3.29094 ; 0 ; 0
608472000 ; 0.00165006 ; 3.29361 ; 0 ; 0
608609000 ; 0.00127241 ; 3.29102 ; 0 ; 0
608749000 ; 0.0011923 ; 3.2917 ; 0 ; 0
608888000 ; 0.000963419 ; 3.29102 ; 0 ; 0
609032000 ; 0.00128767 ; 3.29079 ; 0 ; 0
609167000 ; 0.00115415 ; 3.29117 ; 0 ; 0
609304000 ; 0.00150511 ; 3.29063 ; 0 ; 0
609444000 ; 0.00152799 ; 3.29102 ; 0 ; 0
609581000 ; 0.00122663 ; 3.29079 ; 0 ; 0
610200000 ; 0.00137922 ; 3.29147 ; 0 ; 0
610341000 ; 0.00126859 ; 3.29414 ; 0 ; 0
610484000 ; 0.00182936 ; 3.29323 ; 0 ; 0
610640000 ; 0.000951975 ; 3.29132 ; 0 ; 0
