#Time (us) ; Current (mA) ; Voltage (V) ; PC ; IRQ 
453467000 ; 0.00131437 ; 3.29132 ; 0 ; 0
453627000 ; 0.0010893 ; 3.29086 ; 0 ; 0
454107000 ; 0.000623911 ; 3.29079 ; 0 ; 0
454275000 ; 0.00143263 ; 3.29048 ; 0 ; 0
454455000 ; 0.000536173 ; 3.29102 ; 0 ; 0
454649000 ; 0.00137541 ; 3.29071 ; 0 ; 0
454791000 ; 0.00152418 ; 3.29079 ; 0 ; 0
454935000 ; 0.0013487 ; 3.29163 ; 0 ; 0
455073000 ; 0.000719278 ; 3.29094 ; 0 ; 0
455210000 ; 0.0013487 ; 3.29239 ; 0 ; 0
455348000 ; 0.00165006 ; 3.29063 ; 0 ; 0
455625000 ; 0.00153181 ; 3.29361 ; 0 ; 0
456051000 ; 0.000929087 ; 3.29109 ; 0 ; 0
456196000 ; 0.000982492 ; 3.29094 ; 0 ; 0
456335000 ; 0.00102064 ; 3.29063 ; 0 ; 0
456471000 ; 0.00151655 ; 3.29056 ; 0 ; 0
456610000 ; 0.00163862 ; 3.29079 ; 0 ; 0
456746000 ; 0.00120756 ; 3.29308 ; 0 ; 0
456883000 ; 0.00056669 ; 3.29063 ; 0 ; 0
457230000 ; 0.000971048 ; 3.29071 ; 0 ; 0
457372000 ; 0.00135252 ; 3.29086 ; 0 ; 0
457515000 ; 0.0015547 ; 3.29231 ; 0 ; 0
457651000 ; 0.00115797 ; 3.29071 ; 0 ; 0
458053000 ; 0.00121519 ; 3.29109 ; 0 ; 0
458189000 ; 0.0012953 ; 3.29086 ; 0 ; 0
458329000 ; 0.00216505 ; 3.29071 ; 0 ; 0
458470000 ; 0.001219 ; 3.29102 ; 0 ; 0
458608000 ; 0.00177976 ; 3.29109 ; 0 ; 0
458757000 ; 0.00112745 ; 3.29071 ; 0 ; 0
458904000 ; 0.00126478 ; 3.29147 ; 0 ; 0
459044000 ; 0.00132582 ; 3.29079 ; 0 ; 0
459187000 ; 0.00113127 ; 3.29079 ; 0 ; 0
459328000 ; 0.00151274 ; 3.29079 ; 0 ; 0
459478000 ; 0.00123426 ; 3.29063 ; 0 ; 0
459631000 ; 0.00113127 ; 3.29277 ; 0 ; 0
460448000 ; 0.00195143 ; 3.293 ; 0 ; 0
460585000 ; 0.00135252 ; 3.29262 ; 0 ; 0
460844000 ; 0.00173017 ; 3.29071 ; 0 ; 0
461288000 ; 0.00222608 ; 3.29254 ; 0 ; 0
461457000 ; 0.00102064 ; 3.29063 ; 0 ; 0
461637000 ; 0.00126859 ; 3.29086 ; 0 ; 0
461774000 ; 0.00148603 ; 3.29346 ; 0 ; 0
462021000 ; 0.00177976 ; 3.29132 ; 0 ; 0
462250000 ; 0.00118086 ; 3.29292 ; 0 ; 0
462445000 ; 0.00102827 ; 3.29071 ; 0 ; 0
462826000 ; 0.00118467 ; 3.29094 ; 0 ; 0
463197000 ; 0.00089094 ; 3.29247 ; 0 ; 0
463448000 ; 0.00133344 ; 3.29292 ; 0 ; 0
463655000 ; 0.00105116 ; 3.29063 ; 0 ; 0
464044000 ; 0.00133344 ; 3.29079 ; 0 ; 0
464274000 ; 0.0015547 ; 3.29086 ; 0 ; 0
464453000 ; 0.00126478 ; 3.29086 ; 0 ; 0
464589000 ; 0.00103971 ; 3.29147 ; 0 ; 0
464774000 ; 0.00110456 ; 3.29048 ; 0 ; 0
464916000 ; 0.00110075 ; 3.29086 ; 0 ; 0
465173000 ; 0.00138304 ; 3.29391 ; 0 ; 0
465318000 ; 0.0016081 ; 3.29056 ; 0 ; 0
465456000 ; 0.00135252 ; 3.29071 ; 0 ; 0
465596000 ; 0.000822275 ; 3.29124 ; 0 ; 0
465737000 ; 0.00139829 ; 3.29346 ; 0 ; 0
465881000 ; 0.00159284 ; 3.29224 ; 0 ; 0
466017000 ; 0.00133726 ; 3.29071 ; 0 ; 0
466156000 ; 0.00137922 ; 3.29468 ; 0 ; 0
466307000 ; 0.00170728 ; 3.29056 ; 0 ; 0
466452000 ; 0.00131056 ; 3.29094 ; 0 ; 0
466590000 ; 0.00069639 ; 3.29109 ; 0 ; 0
466733000 ; 0.000791758 ; 3.29063 ; 0 ; 0
466873000 ; 0.00115415 ; 3.29102 ; 0 ; 0
467013000 ; 0.00144789 ; 3.29124 ; 0 ; 0
467277000 ; 0.00149748 ; 3.29079 ; 0 ; 0
467417000 ; 0.00129911 ; 3.29063 ; 0 ; 0
467555000 ; 0.00110456 ; 3.29231 ; 0 ; 0
468034000 ; 0.00105879 ; 3.29086 ; 0 ; 0
468184000 ; 0.00131056 ; 3.29269 ; 0 ; 0
468323000 ; 0.000852793 ; 3.29071 ; 0 ; 0
468467000 ; 0.00153562 ; 3.29071 ; 0 ; 0
468838000 ; 0.00160429 ; 3.29079 ; 0 ; 0
468983000 ; 0.00112364 ; 3.29262 ; 0 ; 0
469221000 ; 0.00123426 ; 3.29063 ; 0 ; 0
469358000 ; 0.00117323 ; 3.29147 ; 0 ; 0
469496000 ; 0.000829905 ; 3.29071 ; 0 ; 0
469636000 ; 0.000555246 ; 3.29086 ; 0 ; 0
469773000 ; 0.00135633 ; 3.29063 ; 0 ; 0
469912000 ; 0.00132963 ; 3.29079 ; 0 ; 0
470049000 ; 0.000559061 ; 3.29063 ; 0 ; 0
470192000 ; 0.00128385 ; 3.29063 ; 0 ; 0
470332000 ; 0.00136778 ; 3.29056 ; 0 ; 0
470475000 ; 0.0011389 ; 3.29063 ; 0 ; 0
471447000 ; 0.000745981 ; 3.29117 ; 0 ; 0
471583000 ; 0.00158903 ; 3.29231 ; 0 ; 0
471726000 ; 0.000951975 ; 3.29041 ; 0 ; 0
471863000 ; 0.00120756 ; 3.29063 ; 0 ; 0
472001000 ; 0.00117323 ; 3.293 ; 0 ; 0
472139000 ; 0.00166914 ; 3.29124 ; 0 ; 0
472279000 ; 0.000967234 ; 3.29109 ; 0 ; 0
472429000 ; 0.00198957 ; 3.29361 ; 0 ; 0
472578000 ; 0.00142118 ; 3.29262 ; 0 ; 0
472952000 ; 0.00148603 ; 3.29102 ; 0 ; 0
473089000 ; 0.000929087 ; 3.29086 ; 0 ; 0
473227000 ; 0.00107023 ; 3.29323 ; 0 ; 0
473377000 ; 0.00120756 ; 3.29155 ; 0 ; 0
473527000 ; 0.00165006 ; 3.29124 ; 0 ; 0
473857000 ; 0.00126097 ; 3.29376 ; 0 ; 0
474262000 ; 0.00298902 ; 3.29056 ; 0 ; 0
474403000 ; 0.00138304 ; 3.29094 ; 0 ; 0
474628000 ; 0.00100157 ; 3.29102 ; 0 ; 0
474935000 ; 0.0018141 ; 3.29094 ; 0 ; 0
475085000 ; 0.00125334 ; 3.29262 ; 0 ; 0
475259000 ; 0.000990122 ; 3.29102 ; 0 ; 0
475403000 ; 0.0011923 ; 3.29315 ; 0 ; 0
475543000 ; 0.00120756 ; 3.2914 ; 0 ; 0
475682000 ; 0.000887125 ; 3.29094 ; 0 ; 0
475824000 ; 0.00201246 ; 3.29094 ; 0 ; 0
475981000 ; 0.000982492 ; 3.29094 ; 0 ; 0
476118000 ; 0.00148222 ; 3.29109 ; 0 ; 0
476255000 ; 0.000879496 ; 3.29102 ; 0 ; 0
476392000 ; 0.000707834 ; 3.29262 ; 0 ; 0
476534000 ; 0.00162336 ; 3.29094 ; 0 ; 0
476681000 ; 0.00141355 ; 3.29124 ; 0 ; 0
476954000 ; 0.00120374 ; 3.29185 ; 0 ; 0
477263000 ; 0.0011389 ; 3.29086 ; 0 ; 0
477451000 ; 0.00163099 ; 3.2933 ; 0 ; 0
477591000 ; 0.00108549 ; 3.29124 ; 0 ; 0
477839000 ; 0.000845163 ; 3.29071 ; 0 ; 0
478006000 ; 0.000848978 ; 3.29094 ; 0 ; 0
478142000 ; 0.000921457 ; 3.29239 ; 0 ; 0
478451000 ; 0.000768869 ; 3.29102 ; 0 ; 0
478588000 ; 0.00136778 ; 3.29231 ; 0 ; 0
478966000 ; 0.00141355 ; 3.29094 ; 0 ; 0
479111000 ; 0.000726908 ; 3.29323 ; 0 ; 0
479256000 ; 0.00100157 ; 3.29086 ; 0 ; 0
479398000 ; 0.00101682 ; 3.29063 ; 0 ; 0
479540000 ; 0.00162336 ; 3.29361 ; 0 ; 0
479721000 ; 0.00208494 ; 3.29071 ; 0 ; 0
479857000 ; 0.001219 ; 3.29102 ; 0 ; 0
480012000 ; 0.00088331 ; 3.29086 ; 0 ; 0
480152000 ; 0.00142118 ; 3.29102 ; 0 ; 0
480290000 ; 0.000417917 ; 3.29086 ; 0 ; 0
480435000 ; 0.00262663 ; 3.29063 ; 0 ; 0
480952000 ; 0.000749796 ; 3.29117 ; 0 ; 0
481275000 ; 0.00101682 ; 3.29086 ; 0 ; 0
481419000 ; 0.00152418 ; 3.29407 ; 0 ; 0
481556000 ; 0.00131056 ; 3.29102 ; 0 ; 0
481692000 ; 0.00104353 ; 3.29155 ; 0 ; 0
481833000 ; 0.00188276 ; 3.29102 ; 0 ; 0
481976000 ; 0.00118849 ; 3.29063 ; 0 ; 0
482259000 ; 0.00076124 ; 3.29216 ; 0 ; 0
482400000 ; 0.00170728 ; 3.29102 ; 0 ; 0
482651000 ; 0.001425 ; 3.29102 ; 0 ; 0
482937000 ; 0.00121137 ; 3.29071 ; 0 ; 0
483262000 ; 0.000837534 ; 3.29079 ; 0 ; 0
483399000 ; 0.00242826 ; 3.29086 ; 0 ; 0
483806000 ; 0.00131056 ; 3.29224 ; 0 ; 0
483945000 ; 0.00133726 ; 3.29071 ; 0 ; 0
484269000 ; 0.00115034 ; 3.29079 ; 0 ; 0
484414000 ; 0.000673502 ; 3.29269 ; 0 ; 0
484553000 ; 0.00134489 ; 3.29224 ; 0 ; 0
484689000 ; 0.00179121 ; 3.29063 ; 0 ; 0
484830000 ; 0.00195143 ; 3.29071 ; 0 ; 0
484968000 ; 0.00150892 ; 3.29124 ; 0 ; 0
485107000 ; 0.00166151 ; 3.29155 ; 0 ; 0
485251000 ; 0.00202772 ; 3.29079 ; 0 ; 0
485389000 ; 0.0010893 ; 3.29086 ; 0 ; 0
485851000 ; 0.00102445 ; 3.29079 ; 0 ; 0
485990000 ; 0.00150892 ; 3.29079 ; 0 ; 0
486131000 ; 0.00110838 ; 3.29071 ; 0 ; 0
486274000 ; 0.00162718 ; 3.29079 ; 0 ; 0
486439000 ; 0.000604837 ; 3.29079 ; 0 ; 0
486797000 ; 0.000719278 ; 3.29079 ; 0 ; 0
486949000 ; 0.001219 ; 3.29109 ; 0 ; 0
487099000 ; 0.00188276 ; 3.29071 ; 0 ; 0
487277000 ; 0.00126097 ; 3.29086 ; 0 ; 0
487445000 ; 0.000803202 ; 3.29056 ; 0 ; 0
487639000 ; 0.00161192 ; 3.29063 ; 0 ; 0
487895000 ; 0.00183698 ; 3.29063 ; 0 ; 0
488258000 ; 0.00145551 ; 3.29132 ; 0 ; 0
488452000 ; 0.00131437 ; 3.29079 ; 0 ; 0
488655000 ; 0.000810831 ; 3.29086 ; 0 ; 0
488794000 ; 0.000242441 ; 3.29094 ; 0 ; 0
488939000 ; 0.00124189 ; 3.29079 ; 0 ; 0
489077000 ; 0.000745981 ; 3.29063 ; 0 ; 0
489261000 ; 0.00136396 ; 3.29102 ; 0 ; 0
489455000 ; 0.00226423 ; 3.29147 ; 0 ; 0
489595000 ; 0.00115034 ; 3.2946 ; 0 ; 0
489861000 ; 0.0011389 ; 3.29071 ; 0 ; 0
490121000 ; 0.000673502 ; 3.29063 ; 0 ; 0
