#Time (us) ; Current (mA) ; Voltage (V) ; PC ; IRQ 
324852000 ; 3.64794 ; 3.28964 ; 0 ; 0
325135000 ; 3.65281 ; 3.29002 ; 0 ; 0
325275000 ; 3.64063 ; 3.29254 ; 0 ; 0
325441000 ; 3.64429 ; 3.29254 ; 0 ; 0
325680000 ; 3.64429 ; 3.29018 ; 0 ; 0
325816000 ; 3.65524 ; 3.28995 ; 0 ; 0
325956000 ; 3.73438 ; 3.29254 ; 0 ; 0
326091000 ; 3.72342 ; 3.29002 ; 0 ; 0
326237000 ; 3.71977 ; 3.29102 ; 0 ; 0
326391000 ; 3.73194 ; 3.29254 ; 0 ; 0
326527000 ; 3.64185 ; 3.29018 ; 0 ; 0
326673000 ; 3.65768 ; 3.29292 ; 0 ; 0
326809000 ; 3.71125 ; 3.29025 ; 0 ; 0
326944000 ; 3.73194 ; 3.29247 ; 0 ; 0
327085000 ; 3.64307 ; 3.29018 ; 0 ; 0
327221000 ; 3.65768 ; 3.29041 ; 0 ; 0
327370000 ; 3.73438 ; 3.29048 ; 0 ; 0
327519000 ; 3.72464 ; 3.29048 ; 0 ; 0
327667000 ; 3.67838 ; 3.29102 ; 0 ; 0
327815000 ; 3.66011 ; 3.29224 ; 0 ; 0
328061000 ; 3.74047 ; 3.28995 ; 0 ; 0
328287000 ; 3.73316 ; 3.29048 ; 0 ; 0
328432000 ; 3.75386 ; 3.29224 ; 0 ; 0
328694000 ; 3.66985 ; 3.29239 ; 0 ; 0
328835000 ; 3.65281 ; 3.29018 ; 0 ; 0
328970000 ; 3.67229 ; 3.29033 ; 0 ; 0
329112000 ; 3.74168 ; 3.29056 ; 0 ; 0
329247000 ; 3.71246 ; 3.29018 ; 0 ; 0
329386000 ; 3.73438 ; 3.29216 ; 0 ; 0
329529000 ; 3.7356 ; 3.29231 ; 0 ; 0
329778000 ; 3.68203 ; 3.29033 ; 0 ; 0
330058000 ; 4.74 ; 3.29056 ; 0 ; 0
330290000 ; 4.58295 ; 3.29041 ; 0 ; 0
330431000 ; 4.49651 ; 3.29063 ; 0 ; 0
330572000 ; 4.50259 ; 3.29048 ; 0 ; 0
330786000 ; 4.58416 ; 3.29033 ; 0 ; 0
331296000 ; 4.61095 ; 3.29025 ; 0 ; 0
331438000 ; 4.61216 ; 3.29033 ; 0 ; 0
331699000 ; 4.59025 ; 3.29056 ; 0 ; 0
331840000 ; 3.64672 ; 3.29025 ; 0 ; 0
332302000 ; 3.64429 ; 3.29025 ; 0 ; 0
332445000 ; 3.64063 ; 3.28995 ; 0 ; 0
332760000 ; 3.75021 ; 3.29269 ; 0 ; 0
332909000 ; 3.64063 ; 3.29048 ; 0 ; 0
333274000 ; 3.64794 ; 3.29041 ; 0 ; 0
333439000 ; 3.6455 ; 3.29048 ; 0 ; 0
333687000 ; 3.63211 ; 3.29117 ; 0 ; 0
333867000 ; 3.73438 ; 3.29185 ; 0 ; 0
334098000 ; 3.66011 ; 3.29048 ; 0 ; 0
334279000 ; 3.65281 ; 3.29048 ; 0 ; 0
334441000 ; 3.71125 ; 3.29002 ; 0 ; 0
334688000 ; 3.66498 ; 3.29018 ; 0 ; 0
334881000 ; 3.65281 ; 3.29155 ; 0 ; 0
335250000 ; 3.65037 ; 3.2901 ; 0 ; 0
335451000 ; 3.6455 ; 3.29025 ; 0 ; 0
335797000 ; 3.73925 ; 3.29025 ; 0 ; 0
335937000 ; 3.63211 ; 3.29048 ; 0 ; 0
336082000 ; 3.64794 ; 3.29048 ; 0 ; 0
336225000 ; 3.72099 ; 3.29025 ; 0 ; 0
336362000 ; 3.66133 ; 3.29033 ; 0 ; 0
336503000 ; 3.73194 ; 3.29216 ; 0 ; 0
336796000 ; 3.7222 ; 3.29041 ; 0 ; 0
336934000 ; 3.72707 ; 3.29117 ; 0 ; 0
337079000 ; 3.64916 ; 3.29041 ; 0 ; 0
337230000 ; 3.72464 ; 3.29155 ; 0 ; 0
337379000 ; 3.7149 ; 3.29033 ; 0 ; 0
337522000 ; 3.64307 ; 3.29132 ; 0 ; 0
337680000 ; 3.67594 ; 3.29262 ; 0 ; 0
337830000 ; 3.76603 ; 3.29147 ; 0 ; 0
337980000 ; 3.68203 ; 3.29018 ; 0 ; 0
338130000 ; 3.68325 ; 3.29025 ; 0 ; 0
338278000 ; 3.69664 ; 3.29025 ; 0 ; 0
338415000 ; 3.69664 ; 3.29048 ; 0 ; 0
338889000 ; 3.71003 ; 3.29063 ; 0 ; 0
339339000 ; 4.60973 ; 3.2933 ; 0 ; 0
339486000 ; 4.58416 ; 3.29056 ; 0 ; 0
339621000 ; 4.5172 ; 3.29025 ; 0 ; 0
339765000 ; 4.52573 ; 3.29185 ; 0 ; 0
339901000 ; 4.56225 ; 3.29063 ; 0 ; 0
340051000 ; 4.55129 ; 3.29292 ; 0 ; 0
340187000 ; 4.52816 ; 3.29041 ; 0 ; 0
340324000 ; 4.51964 ; 3.29041 ; 0 ; 0
340463000 ; 4.55616 ; 3.29071 ; 0 ; 0
340602000 ; 4.56712 ; 3.2901 ; 0 ; 0
340746000 ; 3.62602 ; 3.29041 ; 0 ; 0
340894000 ; 3.66133 ; 3.29018 ; 0 ; 0
341271000 ; 3.64307 ; 3.29056 ; 0 ; 0
341413000 ; 3.64063 ; 3.29247 ; 0 ; 0
341564000 ; 3.72707 ; 3.29025 ; 0 ; 0
341715000 ; 3.66498 ; 3.29216 ; 0 ; 0
342090000 ; 3.64307 ; 3.29025 ; 0 ; 0
342352000 ; 3.72707 ; 3.28995 ; 0 ; 0
342500000 ; 3.63698 ; 3.29002 ; 0 ; 0
342639000 ; 3.63576 ; 3.29041 ; 0 ; 0
343249000 ; 3.73803 ; 3.29002 ; 0 ; 0
343445000 ; 3.65403 ; 3.29346 ; 0 ; 0
343708000 ; 3.64307 ; 3.29033 ; 0 ; 0
344425000 ; 3.72342 ; 3.29041 ; 0 ; 0
344566000 ; 3.71855 ; 3.29002 ; 0 ; 0
344714000 ; 3.72099 ; 3.29018 ; 0 ; 0
344857000 ; 3.66133 ; 3.29102 ; 0 ; 0
344994000 ; 3.73681 ; 3.29041 ; 0 ; 0
345130000 ; 3.72342 ; 3.29292 ; 0 ; 0
345288000 ; 3.71855 ; 3.29247 ; 0 ; 0
345426000 ; 3.71612 ; 3.29033 ; 0 ; 0
345564000 ; 3.72951 ; 3.2901 ; 0 ; 0
345700000 ; 3.65037 ; 3.29025 ; 0 ; 0
345836000 ; 3.64185 ; 3.29193 ; 0 ; 0
345974000 ; 3.64307 ; 3.29048 ; 0 ; 0
346111000 ; 3.66133 ; 3.29033 ; 0 ; 0
346353000 ; 3.66011 ; 3.29216 ; 0 ; 0
346696000 ; 3.73194 ; 3.29018 ; 0 ; 0
346839000 ; 3.73438 ; 3.29002 ; 0 ; 0
346985000 ; 3.72342 ; 3.29041 ; 0 ; 0
347318000 ; 4.57808 ; 3.29018 ; 0 ; 0
347477000 ; 4.65721 ; 3.29056 ; 0 ; 0
347919000 ; 4.60243 ; 3.29048 ; 0 ; 0
348076000 ; 4.51233 ; 3.29033 ; 0 ; 0
348351000 ; 4.59756 ; 3.29033 ; 0 ; 0
348491000 ; 4.58295 ; 3.29025 ; 0 ; 0
348898000 ; 4.5452 ; 3.29285 ; 0 ; 0
349040000 ; 3.65281 ; 3.29071 ; 0 ; 0
349337000 ; 3.6589 ; 3.29056 ; 0 ; 0
349518000 ; 3.66742 ; 3.29308 ; 0 ; 0
349708000 ; 3.63455 ; 3.29018 ; 0 ; 0
349857000 ; 3.64794 ; 3.29025 ; 0 ; 0
350344000 ; 3.64794 ; 3.29033 ; 0 ; 0
350482000 ; 3.65159 ; 3.29041 ; 0 ; 0
350911000 ; 3.63211 ; 3.29155 ; 0 ; 0
351343000 ; 3.73316 ; 3.29048 ; 0 ; 0
351877000 ; 3.70394 ; 3.29041 ; 0 ; 0
352334000 ; 3.65037 ; 3.29224 ; 0 ; 0
352684000 ; 3.64672 ; 3.29002 ; 0 ; 0
352913000 ; 3.66742 ; 3.29277 ; 0 ; 0
353338000 ; 3.70638 ; 3.29033 ; 0 ; 0
353478000 ; 3.73073 ; 3.29056 ; 0 ; 0
353644000 ; 3.70759 ; 3.2917 ; 0 ; 0
353795000 ; 3.63942 ; 3.2901 ; 0 ; 0
353937000 ; 3.73073 ; 3.29002 ; 0 ; 0
354337000 ; 3.65403 ; 3.29018 ; 0 ; 0
354473000 ; 3.72464 ; 3.28979 ; 0 ; 0
354610000 ; 3.72099 ; 3.29002 ; 0 ; 0
354751000 ; 3.6455 ; 3.29041 ; 0 ; 0
354939000 ; 3.64672 ; 3.29018 ; 0 ; 0
355091000 ; 3.71368 ; 3.28987 ; 0 ; 0
355250000 ; 3.72951 ; 3.29002 ; 0 ; 0
355409000 ; 3.62968 ; 3.29025 ; 0 ; 0
355693000 ; 3.70394 ; 3.29178 ; 0 ; 0
355929000 ; 3.73681 ; 3.29033 ; 0 ; 0
356330000 ; 3.72951 ; 3.29002 ; 0 ; 0
356470000 ; 3.71003 ; 3.29216 ; 0 ; 0
356607000 ; 3.7149 ; 3.28995 ; 0 ; 0
356749000 ; 3.65646 ; 3.29018 ; 0 ; 0
356945000 ; 3.66133 ; 3.28995 ; 0 ; 0
357114000 ; 3.6455 ; 3.29018 ; 0 ; 0
357255000 ; 3.70638 ; 3.28995 ; 0 ; 0
357395000 ; 3.76238 ; 3.29002 ; 0 ; 0
357535000 ; 3.68203 ; 3.29231 ; 0 ; 0
357893000 ; 3.67472 ; 3.29018 ; 0 ; 0
358320000 ; 3.76725 ; 3.29002 ; 0 ; 0
358457000 ; 3.67838 ; 3.29155 ; 0 ; 0
358606000 ; 3.68568 ; 3.29277 ; 0 ; 0
358753000 ; 3.77821 ; 3.28979 ; 0 ; 0
358901000 ; 4.61095 ; 3.2901 ; 0 ; 0
359038000 ; 4.52329 ; 3.28979 ; 0 ; 0
359182000 ; 4.50625 ; 3.29018 ; 0 ; 0
359319000 ; 4.53181 ; 3.29086 ; 0 ; 0
359457000 ; 4.55616 ; 3.29041 ; 0 ; 0
359617000 ; 4.51355 ; 3.29025 ; 0 ; 0
359831000 ; 4.53425 ; 3.29041 ; 0 ; 0
359967000 ; 4.53059 ; 3.29231 ; 0 ; 0
360106000 ; 4.62556 ; 3.28979 ; 0 ; 0
360328000 ; 4.5099 ; 3.29025 ; 0 ; 0
360466000 ; 4.57199 ; 3.29025 ; 0 ; 0
360605000 ; 3.62968 ; 3.29025 ; 0 ; 0
360923000 ; 3.64063 ; 3.29018 ; 0 ; 0
361124000 ; 3.64307 ; 3.28979 ; 0 ; 0
361332000 ; 3.64063 ; 3.29018 ; 0 ; 0
361469000 ; 3.6455 ; 3.29033 ; 0 ; 0
361613000 ; 3.64429 ; 3.28987 ; 0 ; 0
361934000 ; 3.6589 ; 3.29041 ; 0 ; 0
362294000 ; 3.65037 ; 3.2901 ; 0 ; 0
362440000 ; 3.63576 ; 3.29063 ; 0 ; 0
362648000 ; 3.64794 ; 3.29056 ; 0 ; 0
